C:\Users\Simon\AppData\Local\Microsoft\WindowsApps\python3.9.exe C:/Users/Simon/Desktop/Bachelorarbeit/Bachelorarbeit/squarelatticeperc2.py
N= 10
0
occ [0.4  0.44 0.48 0.52 0.56 0.6 ]
per [0.094  0.199  0.385  0.596  0.7525 0.8985]
1
occ [0.46  0.484 0.508 0.532 0.556 0.58 ]
per [0.275  0.3945 0.5305 0.66   0.7505 0.8425]
2
occ [0.472  0.4864 0.5008 0.5152 0.5296 0.544 ]
per [0.3335 0.414  0.5025 0.5695 0.628  0.7075]
3
occ [0.4864  0.49504 0.50368 0.51232 0.52096 0.5296 ]
per [0.4145 0.4565 0.508  0.537  0.6045 0.642 ]
4
occ [0.49504  0.500224 0.505408 0.510592 0.515776 0.52096 ]
per [0.448  0.4835 0.516  0.5465 0.5735 0.5875]
5
occ [0.497632  0.5007424 0.5038528 0.5069632 0.5100736 0.513184 ]
per [0.4875  0.49    0.5045  0.51525 0.533   0.559  ]
6
occ [0.4991872  0.50105344 0.50291968 0.50478592 0.50665216 0.5085184 ]
per [0.47965625 0.5010625  0.50415625 0.508      0.5183125  0.5325625 ]
7
occ [0.4991872  0.50030694 0.50142669 0.50254643 0.50366618 0.50478592]
per [0.47329013 0.47509176 0.4920301  0.49214044 0.50346199 0.5081356 ]
8
occ [0.50198656 0.50265841 0.50333025 0.5040021  0.50467395 0.50534579]
per [0.49549609 0.49834766 0.49860156 0.50072266 0.51869531 0.51978906]
9
occ [0.50299433 0.50339744 0.50380055 0.50420365 0.50460676 0.50500987]
per [0.48403552 0.49120712 0.51219886 0.51450425 0.51916123 0.53085681]
10
occ [0.50299433 0.50323619 0.50347806 0.50371992 0.50396179 0.50420365]
per [0.49167986 0.50707968 0.50899022 0.50921022 0.51120658 0.51825075]
11
occ [0.5028734  0.50301852 0.50316363 0.50330875 0.50345387 0.50359899]
per [0.49360156 0.49401562 0.50351563 0.50833594 0.51076563 0.51179688]
12
occ [0.50294596 0.50303303 0.5031201  0.50320717 0.50329424 0.50338131]
per [0.49072688 0.49405452 0.50301248 0.50337268 0.51523584 0.51833415]
(0.5031200992460798, 0.5032942418329598, 0.5030330279526398)
N= 20
0
occ [0.4  0.44 0.48 0.52 0.56 0.6 ]
per [0.013  0.0855 0.3285 0.6585 0.915  0.9855]
1
occ [0.46  0.484 0.508 0.532 0.556 0.58 ]
per [0.182  0.3415 0.57   0.758  0.9055 0.961 ]
2
occ [0.472  0.4864 0.5008 0.5152 0.5296 0.544 ]
per [0.281  0.3805 0.4965 0.6155 0.7385 0.8515]
3
occ [0.4864  0.49504 0.50368 0.51232 0.52096 0.5296 ]
per [0.3845 0.453  0.5425 0.622  0.6795 0.736 ]
4
occ [0.49072  0.495904 0.501088 0.506272 0.511456 0.51664 ]
per [0.392  0.4895 0.515  0.5475 0.6165 0.6585]
5
occ [0.49072   0.4938304 0.4969408 0.5000512 0.5031616 0.506272 ]
per [0.417  0.4215 0.458  0.483  0.5285 0.551 ]
6
occ [0.4969408  0.49880704 0.50067328 0.50253952 0.50440576 0.506272  ]
per [0.46775 0.48575 0.50625 0.50775 0.5355  0.55425]
7
occ [0.49880704 0.49992678 0.50104653 0.50216627 0.50328602 0.50440576]
per [0.493625 0.49725  0.504    0.509875 0.53475  0.544875]
8
occ [0.49880704 0.49947889 0.50015073 0.50082258 0.50149443 0.50216627]
per [0.46855469 0.48557568 0.49445508 0.49713379 0.50519775 0.51946143]
9
occ [0.50015073 0.50055384 0.50095695 0.50136006 0.50176316 0.50216627]
per [0.4868869  0.49385073 0.50040679 0.50307762 0.51001662 0.52512402]
10
occ [0.50055384 0.50079571 0.50103757 0.50127943 0.5015213  0.50176316]
per [0.47760717 0.49242224 0.4968306  0.50199933 0.51694438 0.52019488]
11
occ [0.50091664 0.50106176 0.50120688 0.50135199 0.50149711 0.50164223]
per [0.49320439 0.5043912  0.50582504 0.51201001 0.51749216 0.52447655]
12
occ [0.50091664 0.50100371 0.50109078 0.50117785 0.50126492 0.50135199]
per [0.49466824 0.50269196 0.50312238 0.50356559 0.51959589 0.52969191]
(0.5010037089894399, 0.5011778515763199, 0.5009166376959999)
N= 30
0
occ [0.4  0.44 0.48 0.52 0.56 0.6 ]
per [0.004  0.0305 0.2415 0.7275 0.97   0.998 ]
1
occ [0.46  0.484 0.508 0.532 0.556 0.58 ]
per [0.1145 0.301  0.5985 0.8215 0.952  0.9875]
2
occ [0.472  0.4864 0.5008 0.5152 0.5296 0.544 ]
per [0.191  0.3325 0.504  0.6855 0.8115 0.9015]
3
occ [0.4792  0.48784 0.49648 0.50512 0.51376 0.5224 ]
per [0.247  0.346  0.4375 0.561  0.688  0.7325]
4
occ [0.49216  0.497344 0.502528 0.507712 0.512896 0.51808 ]
per [0.413  0.4595 0.514  0.603  0.6625 0.706 ]
5
occ [0.494752  0.4978624 0.5009728 0.5040832 0.5071936 0.510304 ]
per [0.4425 0.4815 0.4945 0.5575 0.574  0.625 ]
6
occ [0.4963072  0.49817344 0.50003968 0.50190592 0.50377216 0.5056384 ]
per [0.451  0.4645 0.496  0.5255 0.5365 0.5655]
7
occ [0.49817344 0.49929318 0.50041293 0.50153267 0.50265242 0.50377216]
per [0.464375 0.489    0.496625 0.5115   0.518375 0.5385  ]
8
occ [0.49873331 0.49940516 0.500077   0.50074885 0.5014207  0.50209254]
per [0.47358594 0.48242969 0.49302344 0.49767969 0.50728906 0.53480469]
9
occ [0.49974108 0.50014419 0.5005473  0.50095041 0.50135351 0.50175662]
per [0.48973071 0.49413965 0.49935693 0.50140234 0.51157935 0.51605859]
10
occ [0.50014419 0.50038605 0.50062792 0.50086978 0.50111165 0.50135351]
per [0.48093132 0.48793137 0.49407392 0.50400325 0.50870375 0.51798392]
11
occ [0.50050699 0.50065211 0.50079722 0.50094234 0.50108746 0.50123258]
per [0.49092706 0.49492107 0.50651309 0.51139441 0.51931482 0.52709015]
12
occ [0.50050699 0.50059406 0.50068113 0.5007682  0.50085527 0.50094234]
per [0.49264884 0.49409764 0.5013919  0.50255519 0.5107761  0.51152937]
(0.50068112908288, 0.50085527166976, 0.50059405778944)
N= 40
0
occ [0.4  0.44 0.48 0.52 0.56 0.6 ]
per [0.     0.015  0.222  0.785  0.9895 1.    ]
1
occ [0.44  0.464 0.488 0.512 0.536 0.56 ]
per [0.015  0.09   0.319  0.678  0.9145 0.989 ]
2
occ [0.476  0.4904 0.5048 0.5192 0.5336 0.548 ]
per [0.188  0.348  0.5815 0.7805 0.891  0.959 ]
3
occ [0.4832  0.49184 0.50048 0.50912 0.51776 0.5264 ]
per [0.236  0.3815 0.504  0.628  0.7435 0.83  ]
4
occ [0.48752  0.492704 0.497888 0.503072 0.508256 0.51344 ]
per [0.3025 0.3715 0.4615 0.5465 0.612  0.701 ]
5
occ [0.492704  0.4958144 0.4989248 0.5020352 0.5051456 0.508256 ]
per [0.3715 0.4315 0.465  0.5215 0.576  0.6215]
6
occ [0.4973696  0.49923584 0.50110208 0.50296832 0.50483456 0.5067008 ]
per [0.4495 0.4795 0.5205 0.5495 0.5825 0.611 ]
7
occ [0.4973696  0.49848934 0.49960909 0.50072883 0.50184858 0.50296832]
per [0.45025 0.4745  0.49875 0.513   0.5185  0.5515 ]
8
occ [0.49848934 0.49916119 0.49983304 0.50050488 0.50117673 0.50184858]
per [0.465125  0.4805625 0.5036875 0.5075    0.51875   0.52425  ]
9
occ [0.49916119 0.4995643  0.49996741 0.50037051 0.50077362 0.50117673]
per [0.4826875 0.491375  0.4941875 0.4941875 0.515875  0.52075  ]
10
occ [0.4995643  0.49980616 0.50004803 0.50028989 0.50053176 0.50077362]
per [0.48178443 0.48731662 0.4883231  0.49903323 0.5020503  0.51430672]
11
occ [0.50004803 0.50019315 0.50033827 0.50048338 0.5006285  0.50077362]
per [0.49166502 0.50522809 0.50696708 0.51506374 0.51970518 0.5297591 ]
12
occ [0.50004803 0.5001351  0.50022217 0.50030924 0.50039631 0.50048338]
per [0.48104295 0.48988732 0.49472985 0.49816281 0.4989437  0.50432236]
(0.5003527771750401, 0.5005269197619201, 0.5002657058816001)
N= 50
0
occ [0.4  0.44 0.48 0.52 0.56 0.6 ]
per [0.     0.0045 0.172  0.8075 0.9965 1.    ]
1
occ [0.46  0.484 0.508 0.532 0.556 0.58 ]
per [0.039  0.242  0.6415 0.9065 0.9935 1.    ]
2
occ [0.472  0.4864 0.5008 0.5152 0.5296 0.544 ]
per [0.1045 0.245  0.5195 0.739  0.9015 0.976 ]
3
occ [0.4864  0.49504 0.50368 0.51232 0.52096 0.5296 ]
per [0.269  0.4145 0.544  0.7255 0.838  0.912 ]
4
occ [0.49072  0.495904 0.501088 0.506272 0.511456 0.51664 ]
per [0.31   0.433  0.4915 0.595  0.6965 0.7855]
5
occ [0.493312  0.4964224 0.4995328 0.5026432 0.5057536 0.508864 ]
per [0.398  0.444  0.472  0.5645 0.5975 0.6565]
6
occ [0.4948672  0.49673344 0.49859968 0.50046592 0.50233216 0.5041984 ]
per [0.383  0.4445 0.4765 0.5105 0.5395 0.5735]
7
occ [0.49766656 0.4987863  0.49990605 0.50102579 0.50214554 0.50326528]
per [0.4505 0.4615 0.502  0.509  0.547  0.5585]
8
occ [0.4987863  0.49945815 0.50013    0.50080184 0.50147369 0.50214554]
per [0.48442188 0.48670313 0.50485937 0.51578125 0.51945313 0.535375  ]
9
occ [0.49912223 0.49952534 0.49992844 0.50033155 0.50073466 0.50113777]
per [0.4712959  0.4901377  0.49152539 0.50150391 0.50919238 0.53498047]
10
occ [0.49972689 0.49996875 0.50021062 0.50045248 0.50069435 0.50093621]
per [0.48825 0.49825 0.50675 0.51375 0.51925 0.52725]
11
occ [0.49972689 0.49987201 0.50001713 0.50016225 0.50030736 0.50045248]
per [0.49654978 0.49694481 0.50302331 0.51905327 0.52072355 0.52696283]
12
occ [0.49979945 0.49988652 0.49997359 0.50006066 0.50014773 0.5002348 ]
per [0.48574927 0.48853491 0.48994983 0.49631433 0.50724866 0.51641003]
(0.5000606622515199, 0.5002348048383999, 0.4999735909580799)
N= 100
0
occ [0.4  0.44 0.48 0.52 0.56 0.6 ]
per [5.00e-04 4.00e-03 1.83e-01 8.28e-01 9.95e-01 1.00e+00]
1
occ [0.44  0.464 0.488 0.512 0.536 0.56 ]
per [0.002  0.0605 0.305  0.7105 0.944  0.995 ]
2
occ [0.464  0.4784 0.4928 0.5072 0.5216 0.536 ]
per [0.0505 0.173  0.3815 0.6095 0.833  0.9485]
3
occ [0.4856  0.49424 0.50288 0.51152 0.52016 0.5288 ]
per [0.2495 0.4065 0.541  0.6965 0.813  0.8995]
4
occ [0.48992  0.495104 0.500288 0.505472 0.510656 0.51584 ]
per [0.317  0.405  0.499  0.589  0.6925 0.7595]
5
occ [0.495104  0.4982144 0.5013248 0.5044352 0.5075456 0.510656 ]
per [0.42   0.4555 0.524  0.5855 0.62   0.6735]
6
occ [0.4966592  0.49852544 0.50039168 0.50225792 0.50412416 0.5059904 ]
per [0.454  0.469  0.4965 0.547  0.5575 0.6055]
7
occ [0.49759232 0.49871206 0.49983181 0.50095155 0.5020713  0.50319104]
per [0.448  0.4665 0.5095 0.524  0.5325 0.5845]
8
occ [0.49871206 0.49938391 0.50005576 0.5007276  0.50139945 0.5020713 ]
per [0.4648125 0.4865    0.4868125 0.498     0.5213125 0.5403125]
9
occ [0.49971983 0.50012294 0.50052605 0.50092916 0.50133226 0.50173537]
per [0.494   0.505   0.50625 0.50775 0.523   0.53325]
10
occ [0.49951828 0.49976014 0.50000201 0.50024387 0.50048574 0.5007276 ]
per [0.48729932 0.48854404 0.49724115 0.50032663 0.50922698 0.51748302]
11
occ [0.49988108 0.5000262  0.50017131 0.50031643 0.50046155 0.50060667]
per [0.46993904 0.4924439  0.50018165 0.51214823 0.51300065 0.51979806]
12
