9.882497161705805500e-01
2.848649729591019083e-03
9.830534944002021769e-01
5.051331679963229652e-04
9.814355873560690613e-01
1.762971793151077915e-03
9.783660392610606937e-01
5.675551241459580228e-04
9.764621024320448983e-01
5.552940431279240968e-04
9.748992268518296145e-01
2.266177340260651981e-03
9.716313755494119242e-01
2.574854663685121193e-04
9.696789466091879639e-01
9.059869833272747586e-04
9.682148029473128803e-01
2.876052272569576320e-03
9.646462440948286865e-01
6.661396523291836713e-05
9.610587291266209364e-01
2.689532275661887968e-03
9.594951602785826150e-01
8.166276441126813770e-04
9.574390062864726048e-01
4.048868982082322104e-04
9.540017310643671422e-01
2.009158737217441645e-03
9.544564115896718715e-01
4.441860147903063660e-03
9.500438742367728340e-01
8.447884512924995351e-04
9.467359912418477075e-01
1.354193354853312813e-03
9.446747205657775037e-01
6.514616250975392036e-05
9.425888227076991699e-01
1.446434912892861696e-03
9.391859806826172719e-01
7.637038764728412612e-04
9.370199615171611596e-01
4.947114137518742339e-04
9.350553652643143199e-01
2.224514261733080006e-03
9.314318489380725152e-01
2.446184209171725849e-04
9.291928046871626989e-01
1.036182887988206045e-03
9.275129574272523714e-01
3.154666083306822359e-03
9.209720520181424730e-01
4.695625331404184623e-03
9.213478133845067752e-01
1.813476670265678744e-03
9.199281503744894950e-01
4.235363075220414768e-03
9.153964102780529632e-01
7.811977548970382938e-04
9.118155811008611389e-01
1.387348826924814701e-03
9.068142673807400023e-01
5.087430948431192514e-03
9.056112105719072991e-01
2.542385650929214914e-03
9.036237519991127121e-01
6.611253860333371696e-04
8.990992701729404457e-01
3.870892901993193587e-03
8.991843427880671369e-01
2.532950893525679186e-03
8.922876736612852522e-01
5.313450380317732112e-03
8.910625115973240806e-01
2.710583212836603726e-03
8.890775493776793548e-01
7.586193150540497792e-04
8.865967395933082029e-01
5.781311773306913211e-04
8.827619624790900010e-01
1.663948206836543715e-03
8.774477320871978403e-01
5.399885325392383278e-03
8.779108248439483342e-01
1.370025817633581475e-03
8.702573338177079787e-01
6.865862789076076535e-03
8.693553747872130311e-01
3.991554151160546342e-03
8.693200099328506347e-01
2.487384296102565680e-03
8.622916491861877253e-01
5.317739188928118088e-03
8.626024411921968671e-01
1.451198952264180601e-03
8.549723856060214011e-01
6.708368425638026704e-03
8.560475399472804447e-01
6.774152210255475872e-04
8.538027151940509318e-01
2.672870581429784460e-03
8.523373813161111423e-01
5.458405690875669548e-03
8.452181588751068730e-01
2.419799239474120043e-03
8.428610444185021811e-01
5.220043679589386667e-04
8.441593337695393329e-01
7.152743114522124024e-03
8.378509508659924832e-01
3.028887110588302043e-03
8.365598636158704249e-01
5.854059061788358283e-03
8.308007102045430470e-01
1.996728467198219045e-03
8.265892910462354637e-01
3.005646461991589246e-04
8.237860565639698596e-01
1.156134998263504913e-03
8.156574290783513703e-01
7.086746784976684019e-03
8.167736876676593427e-01
5.375006314424919359e-04
8.142840742639030349e-01
2.499035234290792207e-03
8.098136876068010581e-01
6.555005768144248871e-05
8.069786841120820675e-01
1.630971943435835904e-03
7.992133397533160988e-01
6.297712965711804375e-03
8.038583786456205971e-01
7.327691155195123138e-03
7.973279723808545105e-01
3.231404850961130341e-03
7.901816255502004394e-01
4.346743516005414747e-03
7.897839766076822920e-01
2.331438746360612550e-03
7.823374581461510768e-01
5.350373129223181048e-03
7.822552703547741570e-01
1.558769900581578492e-03
7.743495965740025966e-01
6.368816156823672338e-03
7.747963826901271833e-01
9.071977860849591646e-04
7.722272821342667237e-01
3.275579013578543489e-03
7.649285867776025594e-01
4.236452273623884761e-03
7.643737332299725962e-01
2.466118344082000955e-03
7.568766130533507441e-01
5.122537197574366513e-03
7.615956846147269310e-01
8.685662478942051193e-03
7.519571537781903903e-01
3.419526801300764121e-04
7.530912428576117534e-01
7.773999550867401361e-03
7.461992070609646532e-01
3.690890024308400401e-03
7.408388016507591045e-01
7.102014118205456951e-04
7.362562022403547068e-01
1.251427162053913742e-03
7.305342727212413845e-01
4.502115445524532307e-03
7.281639056096063101e-01
1.770505729815029716e-03
7.277063591145942478e-01
5.277755750502642965e-03
7.216129464259037896e-01
1.737635572746521395e-03
7.135707243815744283e-01
5.960325529717889169e-03
7.133844308773006349e-01
1.253638814718450317e-03
7.107466409751225234e-01
3.884359351683483973e-03
7.050918360440261434e-01
8.501875839740827105e-04
7.002360808718868235e-01
9.956960170926906686e-04
6.944922883461805974e-01
4.040101401002841978e-03
6.917575506595731172e-01
1.368941563527807138e-03
6.913876054524080716e-01
5.940011356946383290e-03
6.903849963517167954e-01
9.465574081830780903e-03
6.797034019012280215e-01
9.542578250895631547e-05
6.744458622136847437e-01
2.160145090534370833e-03
6.597823994768311495e-01
1.326436980474875876e-02
6.672555186305308972e-01
1.544046724544402864e-03
6.644466979208477619e-01
4.449940334790980848e-03
6.583225945735861062e-01
1.258008229706156353e-03
6.531858571321436102e-01
5.772646418785321726e-04
6.474471880958174719e-01
3.195780860498483728e-03
6.528473386214665997e-01
1.122363821202592565e-02
6.382567452247708273e-01
3.521300138146222104e-03
6.308736091473331475e-01
7.197079245316710845e-03
6.309301426846997130e-01
6.778454543141246768e-04
6.256101454776215043e-01
1.087059346725866146e-03
6.251492004382978029e-01
6.601864058019490944e-03
6.240470744766389855e-01
1.037073131783356958e-02
6.120756356046882507e-01
4.806982366810399988e-04
6.083465438225639232e-01
2.830959337482279615e-03
6.001478526009795811e-01
4.315896630542546616e-03
5.968996172031605374e-01
1.398294299092280903e-03
5.926727056730823895e-01
3.831093542167506786e-04
5.870709650730434603e-01
1.453446721017352108e-03
5.804356782235546852e-01
4.441747304517762798e-03
5.724252105268179402e-01
8.108614900990242583e-03
5.760732976673552663e-01
6.107160361552842719e-03
5.670246061252867120e-01
1.456601374542487379e-03
5.625946339109927363e-01
4.001892553431493616e-04
5.644160664200195132e-01
1.012051890318110131e-02
5.556522124469939206e-01
6.333538921727143063e-03
5.419336573041331206e-01
7.822970407013083230e-03
5.418028095548675926e-01
5.249088198254399937e-04
5.376879711296542741e-01
3.092486910307744741e-03
5.311392515409127935e-01
6.534187335628160792e-04
5.251795054019127162e-01
1.009654812997055331e-03
5.183477382972856429e-01
3.591719130142483757e-03
5.229660774978160953e-01
1.114211252663692940e-02
5.094827300869591014e-01
1.005002641438521287e-03
5.124240061019104120e-01
1.154010443362889389e-02
4.984339439542132544e-01
1.269966323072703115e-03
4.921489722900075359e-01
3.993085379680593339e-04
4.854736129454040316e-01
2.542809363461992749e-03
4.777332349393168531e-01
5.562690054986559052e-03
4.810901631469683970e-01
9.013776661219304390e-03
4.722566063235001388e-01
5.511070667497492033e-03
4.577301849514511800e-01
8.317384083069123343e-03
4.551211999509514605e-01
4.357424667036290285e-03
4.528215267335754524e-01
3.062624421248740653e-03
4.435756994626927074e-01
3.722613423338112446e-03
4.479115995182162968e-01
1.118555371283577564e-02
4.318146582182115778e-01
3.057348702970038180e-03
4.269442073669147963e-01
3.812418005699756999e-04
4.215887571412353374e-01
1.797913870135504390e-03
4.146003563232477096e-01
1.276899097780912721e-04
4.075036807097293656e-01
1.688930818482823346e-03
4.055430804903951691e-01
6.404791159006141543e-03
3.970094860994319852e-01
3.402862534572498234e-03
3.873002682645912409e-01
3.275336964634633675e-03
3.846622371828400389e-01
4.380828742323032710e-03
3.815783314212389810e-01
8.711847767121741123e-03
3.692111012573354167e-01
1.662430241489135552e-04
3.696554827274192156e-01
9.969097004576562768e-03
3.688042651524311988e-01
1.444836649682547727e-02
3.485069916686497349e-01
7.488724497906162469e-04
3.406233700712562040e-01
2.690016270713195285e-03
3.319647327725798180e-01
5.277890851573518657e-03
3.292699047700532455e-01
2.578541450022956132e-03
3.292743507386811097e-01
2.582376461080888690e-03
3.250736803591762758e-01
6.677472982242030168e-03
3.135801748504113418e-01
7.440930502863445659e-04
3.074698694611687211e-01
1.629179982306129797e-03
2.965382757718535989e-01
5.105925878843125751e-03
2.914884606169705350e-01
1.501063446407313422e-03
2.829286228940985914e-01
3.574224698136356428e-03
2.771698055572189845e-01
4.792020974960869116e-04
2.708992689515480334e-01
2.073834335602831643e-03
2.659824123232743531e-01
6.192043616976088648e-03
2.502160283963117959e-01
6.965670215720361907e-03
2.455243725431813517e-01
2.710750831629046061e-03
2.393244352874849545e-01
1.681828535886652827e-04
2.329510228730995725e-01
3.080079605379414890e-03
2.240508970795538624e-01
1.266418829886850487e-03
2.183221984102762803e-01
5.039420017762315240e-03
2.066706906432128343e-01
1.571071135604239916e-03
1.974448544767470615e-01
3.426792988193567025e-03
1.937660564577551869e-01
4.835673137775935160e-03
1.841462307435655366e-01
2.673979367473468260e-03
1.790873877261338065e-01
7.239948246084040688e-03
1.687008475191575096e-01
4.865165221023576465e-03
1.519179694515846724e-01
7.949255378387845919e-03
1.493430599366051548e-01
1.206534906584228687e-03
1.400897756347636858e-01
7.010364447519077345e-05
1.306447100829250529e-01
1.325937288856204052e-03
1.231133056488650651e-01
1.499370134710828082e-03
1.135376697387635581e-01
3.076477099999516576e-04
1.038574676056042145e-01
9.015063176440341747e-04
9.391686790469490342e-02
2.268054706333876621e-03
8.614005743406732973e-02
8.280957890622752011e-04
7.610792756653173008e-02
2.334961628444233320e-04
6.586520939638300376e-02
1.386582752966549273e-03
5.754736318966953423e-02
1.667384390548096737e-03
4.419255503849751215e-02
4.167051637764210108e-03
3.261557786559862726e-02
5.720323489401381648e-03
2.481028562926808692e-02
1.144854904974724986e-03
1.304633459472378902e-02
7.434145965461959804e-04
2.925643920898437964e-07
5.694415503553444629e-07
0.000000000000000000e+00
0.000000000000000000e+00
