9.591926203613256874e-01
2.572255384419391247e-04
9.547561071777704855e-01
7.608560056284015749e-04
9.513802504882867828e-01
2.847025680295672974e-04
9.485663371581802839e-01
5.706896116705582628e-04
9.457717219238495066e-01
5.287737926077193265e-04
9.433834279785102694e-01
2.955513258469214563e-04
9.408879672851965248e-01
9.435663496503751257e-04
9.387548532714985461e-01
4.360955751861444866e-04
9.365003134765503834e-01
4.161258031784299512e-04
9.344462016601184917e-01
8.252382138238586323e-04
9.321218605957114489e-01
3.864900331206191702e-04
9.298694448242006416e-01
4.381333072209078403e-04
9.276171269530804064e-01
1.020944815885419530e-03
9.250408840332766669e-01
1.872702183578372950e-03
9.231451103515381229e-01
5.749522237861280768e-04
9.206027819824428304e-01
5.518149983983330550e-04
9.184070366210885794e-01
3.548128008169545555e-04
9.160305378417645805e-01
7.353490605883752961e-04
9.138346921386135691e-01
1.323548196444231453e-03
9.113905183105345253e-01
4.730458312685902663e-04
9.090658193358985839e-01
9.534082132307872921e-04
9.064557385253964039e-01
3.903593291351911145e-04
9.039304414063015214e-01
1.233979596619125697e-03
9.016058393554935435e-01
6.382345436836982158e-04
8.989726059571010452e-01
1.688998517773632711e-03
8.965121889648862696e-01
1.049592087241871729e-03
8.939988835449372839e-01
5.317033713409781643e-04
8.920318081053858483e-01
2.027668767534689283e-03
8.889246159668300340e-01
7.948914422641122036e-04
8.868394387206377516e-01
1.519709101293400914e-03
8.836565988770034297e-01
1.255820249007970650e-03
8.815539514159672629e-01
1.160108775954507869e-03
8.786613410644488198e-01
4.289750852684256805e-04
8.761327609862964438e-01
8.166228783800643515e-04
8.732474199218873689e-01
4.956895908709145915e-04
8.704565476074783703e-01
1.424093459198312378e-03
8.680842043456605817e-01
1.029997947107755664e-03
8.648561696778073182e-01
1.884127145756757989e-03
8.629415927733394831e-01
2.520377636037386248e-03
8.596590046386893835e-01
4.686807480797553871e-04
8.567036831055299118e-01
1.552059652165928847e-03
8.539581386719082845e-01
8.406755165885749061e-04
8.516949648436840103e-01
1.611632904350472758e-03
8.486742216796651084e-01
6.703024176308769368e-04
8.457522517089330893e-01
1.214760132011226445e-03
8.418650019532596396e-01
4.062306916678767518e-03
8.397652956543332214e-01
1.004379047734654893e-03
8.368584057617262095e-01
3.962545455346362005e-04
8.340958051757603187e-01
6.319627613604216669e-04
8.311868618163565925e-01
1.250380480538220264e-03
8.284150385741407829e-01
1.934888646615300859e-03
8.248263896484736568e-01
9.541408151209924277e-04
8.215682756348444693e-01
2.103198183763037906e-03
8.187447871094255536e-01
1.267993250609384184e-03
8.160817692870591111e-01
1.296158622163881557e-03
8.128822800292895279e-01
5.053089920746795622e-04
8.096922485351920606e-01
9.883362162271271643e-04
8.067250737304028085e-01
1.704302800609991267e-03
8.031538266602045173e-01
1.310412460022727108e-03
8.009258244627670553e-01
3.472057517840964301e-03
7.972324438476466879e-01
4.941146223700668659e-04
7.938935991211264476e-01
9.437269762206931334e-04
7.910634978026658271e-01
1.631221772617544134e-03
7.868142336426942052e-01
3.414904696721805973e-03
7.843450297850995678e-01
1.423529916807093117e-03
7.809542548827980157e-01
5.959477175830021249e-04
7.779528583983212897e-01
3.197277838838338739e-03
7.733798945313898887e-01
4.294765753142041655e-03
7.706626870117579964e-01
1.017831199006043489e-03
7.665955153810112277e-01
4.746981868453709931e-03
7.639437014160667117e-01
1.335569828890937434e-03
7.604626437988484255e-01
6.748339523808315416e-04
7.571977705078027920e-01
5.406101072284157788e-04
7.534987377929999175e-01
8.970302378055642440e-04
7.499740207520261270e-01
1.948291679492421095e-03
7.464646923828544001e-01
1.075624751693912912e-03
7.431004587402459949e-01
6.455650098156100929e-04
7.395251145019335892e-01
6.379821708331080135e-04
7.354721787110305442e-01
2.545901328964028047e-03
7.320217919922499261e-01
1.643717984020624367e-03
7.287542719726156637e-01
1.108962264319807590e-03
7.253289958495381384e-01
1.733049306363129705e-03
7.208425380860499221e-01
3.197910840458456291e-03
7.176904379882186324e-01
1.537420320367747150e-03
7.135448188477059306e-01
1.302256518936863216e-03
7.101951796874463874e-01
1.380065803986709654e-03
7.070244907225002873e-01
4.826123203405742641e-03
7.022368605957296506e-01
8.304421257611398124e-04
6.985586213378855991e-01
5.233627147066571188e-04
6.946682785644158198e-01
9.214200222461224219e-04
6.909163625487588778e-01
1.715383467098690684e-03
6.863569311523852745e-01
1.124063005191535585e-03
6.826391352539160629e-01
5.486773316809996333e-04
6.785761459960705233e-01
7.672137784181062197e-04
6.745605053711104526e-01
6.332845350147338131e-04
6.703446674804520722e-01
6.043432408778784317e-04
6.664615998534666463e-01
1.323039170254187947e-03
6.623744589843656438e-01
5.697803640810957665e-04
6.579294316406540943e-01
8.546514598279231342e-04
6.542719101561746964e-01
1.906981476551199844e-03
6.493029018555027676e-01
9.555506823639227420e-04
6.443885969239714351e-01
4.447209399740600574e-03
6.401594853516724415e-01
3.140053967670610596e-03
6.362796271972704920e-01
6.319688673997710462e-04
6.318658854980901962e-01
1.144932251222928292e-03
6.278626047362659834e-01
1.605494198894416406e-03
6.232501777343505411e-01
8.301430192816080860e-04
6.193908395994800475e-01
3.699322246300321398e-03
6.140074047851346029e-01
7.488701993584496747e-04
6.098961647948670795e-01
1.331167410467653861e-03
6.048559636230281811e-01
7.013376525307832158e-04
5.999010800782155206e-01
2.501621256010071528e-03
5.955426906738119364e-01
6.345449273941285205e-04
5.912753354490962732e-01
3.459078717818669935e-03
5.860029748535011684e-01
6.201485311836574428e-04
5.813475185546378432e-01
1.226023819886653925e-03
5.760214379883396019e-01
1.609317096746606468e-03
5.719816267088643214e-01
3.329125620481656993e-03
5.671013166502345548e-01
4.825798634790950774e-03
5.611906259765849780e-01
8.570726906477094424e-04
5.562948515624864809e-01
6.856097479401475348e-04
5.514562392577629923e-01
1.233424372110260465e-03
5.458159125976409509e-01
6.711641378013794923e-04
5.409783530272925800e-01
1.514707101198147637e-03
5.353968356934154516e-01
1.496543353330308940e-03
5.304124916992383199e-01
7.473966066638243174e-04
5.251662241210760529e-01
6.851232962579888912e-04
5.192047253418620167e-01
2.508378887362607782e-03
5.139186052246598191e-01
1.421540401028638682e-03
5.087187241211071909e-01
6.293327957221864092e-04
5.038404873045921883e-01
2.486444860940900149e-03
4.978904829101042373e-01
1.593043996380803535e-03
4.916920939941297752e-01
1.213343489929374821e-03
4.866545131835877114e-01
1.817891326930010272e-03
4.806940930175681026e-01
1.189050940807863128e-03
4.750446286621273773e-01
1.905666296119677911e-03
4.692022641601658606e-01
1.063511877653421133e-03
4.635962287597848452e-01
2.000016648945487918e-03
4.579028337402634707e-01
3.244902648902159899e-03
4.514954943847685476e-01
6.657470453765404776e-04
4.455720659179815968e-01
1.414998324944522889e-03
4.390011618652213676e-01
1.433886116418060623e-03
4.329768176269502278e-01
6.903836993001622986e-04
4.271124431152412693e-01
8.752110652612642540e-04
4.210620229492357813e-01
1.870958010944779627e-03
4.141623159179601554e-01
9.922381803606195559e-04
4.085044667968942833e-01
2.065527277152015041e-03
4.013893771972595337e-01
8.057729843829416518e-04
3.952735285644570773e-01
7.712462942342299252e-04
3.879520285644318944e-01
2.503119088673460765e-03
3.821865422363348586e-01
8.613170046981040006e-04
3.755470515136710152e-01
5.559416193250126155e-04
3.693175385742462624e-01
3.192480960793702555e-03
3.618985270996118442e-01
5.571293824043360189e-04
3.550496286621044328e-01
7.269073901640381741e-04
3.479086374511597413e-01
1.369422144857449950e-03
3.408867851562306650e-01
2.316905164306837413e-03
3.333588022460675093e-01
3.292711634035977615e-03
3.272261059570333863e-01
5.991999170901921110e-04
3.195427031249771788e-01
2.800643842447074136e-03
3.119910288085642747e-01
3.820553812585308472e-03
3.128210556640686479e-01
8.520491806248483169e-04
3.053525041503899473e-01
5.815778035370133001e-04
2.978139995117111694e-01
1.076548343332849652e-03
2.902983041992044377e-01
1.634716206971128204e-03
2.832393010253872467e-01
7.116145503296721943e-04
2.753812268066307412e-01
1.206076245688825124e-03
2.681910131835949507e-01
6.267450693504876503e-04
2.598209602050550737e-01
2.895291178762580183e-03
2.527737050781310724e-01
9.412930621963441595e-04
2.448463496093747083e-01
5.508605012670756123e-04
2.364076750488218470e-01
9.295371813834029003e-04
2.293043952636948657e-01
2.759038422027841608e-03
2.206453916015614636e-01
5.026947812946792708e-04
2.127405461425886934e-01
1.327968606900980109e-03
2.042052487793016569e-01
7.572003021048090247e-04
1.964540627441569431e-01
1.985320561661463486e-03
1.873886169433519877e-01
1.035558515857905228e-03
1.787827128906300245e-01
8.899597140605238800e-04
1.705610593261889796e-01
2.190419071575568696e-03
1.611909392089781179e-01
8.860569774255873821e-04
1.526305778808654257e-01
8.839685505759856858e-04
1.434009526367195364e-01
4.695596828382068576e-04
1.343912832031385340e-01
1.769828149060259344e-03
1.244037270507827031e-01
1.109279024309821641e-03
1.158009997558701043e-01
2.659997767842448794e-03
1.060463176269481889e-01
2.108903802249267965e-03
9.396581445313435810e-02
5.787655524949388702e-03
8.482811938476723934e-02
1.163146050591212094e-03
7.480114843749817444e-02
7.775457495843286727e-04
6.350673046874902306e-02
4.690365608012819179e-04
5.106042724609818895e-02
2.646684910456993060e-03
3.938060815429445666e-02
1.329518159090018956e-03
2.306051684570238625e-02
1.915761086527055252e-03
4.374012695312556268e-04
1.500286825335434742e-03
5.836425781250001735e-06
1.084724562310432407e-05
8.922119140625001538e-07
3.543990502026012733e-06
5.761718749999999760e-08
8.490445769955697706e-07
3.662109375000000610e-10
6.685966084047655685e-08
0.000000000000000000e+00
0.000000000000000000e+00
0.000000000000000000e+00
0.000000000000000000e+00
