9.294634609374921030e-01
9.380453628917087431e-04
9.255022060546875817e-01
7.647525602336404564e-04
9.219180488281147889e-01
1.003482874684771863e-03
9.185448193359166957e-01
1.563699395916973243e-03
9.155911337890488833e-01
1.197267682851301668e-03
9.128631230468866598e-01
1.048905229574020751e-03
9.102442773437505741e-01
9.834325149638428482e-04
9.074902089843459585e-01
2.106956109860210011e-03
9.054300009765581247e-01
1.027401755876484503e-03
9.028874257812525839e-01
1.068892311223594094e-03
9.005885625000089600e-01
1.070723679757149211e-03
8.983750039062472492e-01
9.955101078034304767e-04
8.961012060547098868e-01
1.610574044303447879e-03
8.938496308593858464e-01
1.080182836170928999e-03
8.915440820312490189e-01
1.009863796113929504e-03
8.892742304687558663e-01
1.014254858480658330e-03
8.871008789062622135e-01
1.163710945857957370e-03
8.847661757812508299e-01
1.099371800898568197e-03
8.825878515625072973e-01
9.915864813510779502e-04
8.803563525390762923e-01
1.229926848125061610e-03
8.781175937500025341e-01
1.058414603613580919e-03
8.757310624999725679e-01
2.134875975123709697e-03
8.734817558593542808e-01
1.698849434225392727e-03
8.709848691406293364e-01
1.035989856328771094e-03
8.686939550781177521e-01
1.065997342431042891e-03
8.665695488281058845e-01
1.653708071496718963e-03
8.641891240234436111e-01
1.038032324593103628e-03
8.619559150390568858e-01
1.093013257006794419e-03
8.595045371093761322e-01
1.056039136201969344e-03
8.571680224609453669e-01
1.043298240694856853e-03
8.546464365234337501e-01
1.151534028278264560e-03
8.524564414062528739e-01
1.111163179754909823e-03
8.498648808593847193e-01
1.246330481526795137e-03
8.472197509765609924e-01
1.049937922764788327e-03
8.445271005859067426e-01
2.468670812565694483e-03
8.424021523437620340e-01
1.359028024025392325e-03
8.397476796875006366e-01
9.982644960109469511e-04
8.372540136718642501e-01
1.341537189399163521e-03
8.348467333984335159e-01
1.082269532764204784e-03
8.319900498046906012e-01
1.062095326395048672e-03
8.295328085937416773e-01
1.205737730674173421e-03
8.268717148437305653e-01
1.713069248537425456e-03
8.245492626953176973e-01
1.177909382877613282e-03
8.219645302734679415e-01
2.303623550461131406e-03
8.188258251953141054e-01
1.085791863852333646e-03
8.162530615234275810e-01
1.253207353572111582e-03
8.138526972656583425e-01
2.381488696721872651e-03
8.108663886718792124e-01
1.077057762499841450e-03
8.081910683593680478e-01
1.266001205585736908e-03
8.053606054687501015e-01
1.097193958998020965e-03
8.030023398437750037e-01
1.951778264985223584e-03
7.996569999999779688e-01
1.960688548827492928e-03
7.970131318359225947e-01
1.467089595493560042e-03
7.942001318359478423e-01
1.344148240013133154e-03
7.912768671874994553e-01
1.067538117460258571e-03
7.885886132812746085e-01
1.977693963935313499e-03
7.856394287109692565e-01
2.276976504279847047e-03
7.829135419922081951e-01
1.750440367715397653e-03
7.795116904296792715e-01
1.229452208737781852e-03
7.771283828125168380e-01
1.529049444401953594e-03
7.737290156249879702e-01
1.463503242709309577e-03
7.711759550781560613e-01
2.287898950089716117e-03
7.677465156250024014e-01
1.129633886296446069e-03
7.644490673827860627e-01
2.105432431156740482e-03
7.617148886718737577e-01
1.232282171395209132e-03
7.584682705078188425e-01
1.361388595894061360e-03
7.554967675781021352e-01
1.974597779829971676e-03
7.525764892578332699e-01
1.773364604340837286e-03
7.491893320312420501e-01
1.384883201652768433e-03
7.459905830077937505e-01
1.945206716713070291e-03
7.427218564453011984e-01
1.423907022511821698e-03
7.395912851562643775e-01
1.577623791989477692e-03
7.360652441406106972e-01
1.708490314715870994e-03
7.331190595703236390e-01
1.470511248788049924e-03
7.295529013671699925e-01
1.658385385587246227e-03
7.262812031249900047e-01
1.431469946104449876e-03
7.231336035156225028e-01
1.340941251394027348e-03
7.196704902343619148e-01
1.600675205952550991e-03
7.161492294921821822e-01
1.432462250601632993e-03
7.129264296874838758e-01
1.666086974098976827e-03
7.090929443358930939e-01
3.568641137081204895e-03
7.061237060547049804e-01
1.735477775829623228e-03
7.025234746094003446e-01
2.059882944945094253e-03
6.987829873046661477e-01
2.049079236789594100e-03
6.958247900390666096e-01
1.370634075704052750e-03
6.919999580078427526e-01
2.404617585401325891e-03
6.879211962890463550e-01
1.871006692465675223e-03
6.843178232421791574e-01
1.490992910408815838e-03
6.808257998046869375e-01
1.357313573002051372e-03
6.767493017578203318e-01
1.442205059492983462e-03
6.733215214843720764e-01
1.409995002248107124e-03
6.696121601562551318e-01
1.476801081712704987e-03
6.655788515625132851e-01
1.674216263722278462e-03
6.617623789062531126e-01
1.431552283676353239e-03
6.580428867187427810e-01
1.698928068970731843e-03
6.538498408203136103e-01
1.511950607720044830e-03
6.500250664062592332e-01
1.392386392507325484e-03
6.455704902343563090e-01
1.940715133089618511e-03
6.416531904296951527e-01
1.367335678461217233e-03
6.378302539062475907e-01
1.549773608131550708e-03
6.335891767578003542e-01
1.527539577410487112e-03
6.291106064453088065e-01
1.522097246324924467e-03
6.253962792968975615e-01
2.115723022689993890e-03
6.209296689453436269e-01
2.536063387173888729e-03
6.163605136718237620e-01
4.144705982480401986e-03
6.121380429687254265e-01
2.297328132048363954e-03
6.077940937499839436e-01
1.978391958459033411e-03
6.033035917968674333e-01
1.612923132540913622e-03
5.986698886718399004e-01
2.832595320783462111e-03
5.947562626952854758e-01
2.400638707807834990e-03
5.897429189452764176e-01
3.115945750321976598e-03
5.852052490234282978e-01
1.665638772752144059e-03
5.805957773437312452e-01
1.862894043226029231e-03
5.760171328125083257e-01
1.473569588933997150e-03
5.712366474609547051e-01
1.801866540869720380e-03
5.664910302734453840e-01
1.447244787487516693e-03
5.618864824219279575e-01
4.318647129959144251e-03
5.564750839843645158e-01
1.666954075325064333e-03
5.518299550781233798e-01
1.391827089770784117e-03
5.471787558594002343e-01
2.364496694377649349e-03
5.417524941406234307e-01
1.424031373833002830e-03
5.367045986328018436e-01
1.720285183893476401e-03
5.319630312500163161e-01
1.817752813640483717e-03
5.269409326172311836e-01
3.460307351054315531e-03
5.206995214843559427e-01
1.959347676086380628e-03
5.155440517578391280e-01
2.415247145086119474e-03
5.102344521484551976e-01
1.973639991441797272e-03
5.046609267578135993e-01
2.650917114314826732e-03
4.997448154297048362e-01
2.030573727406331276e-03
4.944163466797266149e-01
3.569001650121923774e-03
4.884907031249996479e-01
1.556011101828110770e-03
4.831899462890642538e-01
1.753315913496648198e-03
4.775431015624991282e-01
1.461861950025503641e-03
4.716066503906218843e-01
1.607443783995146430e-03
4.654511777343737222e-01
1.467105966714465221e-03
4.601656435546838675e-01
1.847972463722752498e-03
4.536884384765652589e-01
1.688383598556070491e-03
4.477992207031298300e-01
2.136501390052327094e-03
4.418178964843774148e-01
1.661386312262774388e-03
4.361977822265489246e-01
4.476345924575585861e-03
4.293708251953233246e-01
4.013298628333895543e-03
4.234547666015708867e-01
3.259966045601260173e-03
4.175118173828048507e-01
2.501362281769268104e-03
4.108658261718692861e-01
2.131877473605772993e-03
4.049873906249872313e-01
3.922036727703072552e-03
3.979845605468776415e-01
1.741249190041119178e-03
3.915029062499955081e-01
2.265964967974200446e-03
3.845944248046938574e-01
2.718329543041537316e-03
3.775727802734456517e-01
3.245232507736570474e-03
3.713954785156216021e-01
1.823174799545733112e-03
3.641508945312528778e-01
1.870205395721234428e-03
3.569807285156341159e-01
3.551948114012152668e-03
3.507016425781269708e-01
1.552745877413281694e-03
3.431904257812537495e-01
2.028090691177459205e-03
3.368317851562420140e-01
2.669424667753655424e-03
3.295298173828154487e-01
2.075140157335291554e-03
3.218630751953125979e-01
1.411827667199422928e-03
3.138780673828230894e-01
4.242777824917916621e-03
3.074269414062490435e-01
1.339769980721646891e-03
2.999108369140586206e-01
1.777527383143387560e-03
2.923893232421853616e-01
1.447774327003430606e-03
2.924813037109489366e-01
4.497844303578651774e-03
2.849167900390665586e-01
2.291653525213802403e-03
2.770545068359386853e-01
1.611939794466885675e-03
2.689569169921902647e-01
1.854790972608834874e-03
2.607653134765667846e-01
2.251192927474577124e-03
2.538846523437424674e-01
2.779779761830107263e-03
2.452278007812485061e-01
1.824773905133691108e-03
2.374086259765626206e-01
1.098025290581650841e-03
2.287648710937560115e-01
2.745642585519125333e-03
2.208314902343690433e-01
2.296932382520572302e-03
2.124182851562410324e-01
3.192800375001311232e-03
2.031309375000058814e-01
2.727054292956617755e-03
1.945725351562527794e-01
1.859112319939377729e-03
1.848854628906288766e-01
2.105721380577566491e-03
1.769326640625011049e-01
1.734223393509711159e-03
1.678020097656227616e-01
1.606874933480115144e-03
1.582111738281193891e-01
2.194727624803312870e-03
1.481640791015660097e-01
3.657386316254343343e-03
1.390780810546889124e-01
1.540160443127524094e-03
1.284220976562495953e-01
1.864032198079685742e-03
1.181229824218733293e-01
1.806800523868767926e-03
1.082361660156253014e-01
1.797896639880494076e-03
9.703187792968757941e-02
1.762229684039833813e-03
8.477778124999768572e-02
2.797058127995525039e-03
7.244276757812431744e-02
1.996986320810627269e-03
5.819736035156111709e-02
3.846310375260379548e-03
4.277070410156347952e-02
2.209910176725576707e-03
2.308266503906239789e-02
2.157025584355909062e-03
4.059032226562496047e-04
9.023826468424096803e-04
6.399267578125000333e-05
8.963141884556116278e-05
9.095722656249922012e-05
9.484865426137689248e-04
1.023828125000000026e-05
2.658126606172731200e-05
3.628417968750000051e-06
1.457893864036410035e-05
1.109863281250000137e-06
7.707012920870205580e-06
2.124023437500000012e-07
3.351430147843368251e-06
2.734375000000000290e-08
1.155160751715832626e-06
0.000000000000000000e+00
0.000000000000000000e+00
0.000000000000000000e+00
0.000000000000000000e+00
0.000000000000000000e+00
0.000000000000000000e+00
0.000000000000000000e+00
0.000000000000000000e+00
