8.809243437500008378e-01
2.199143456526884196e-03
8.777779531249988443e-01
2.436674676431481792e-03
8.747126406250016473e-01
2.412937699071871552e-03
8.718562656249952969e-01
2.512784566781562767e-03
8.687249218750026092e-01
2.427339109516955980e-03
8.662129648437507656e-01
2.566674829693901816e-03
8.636288320312490718e-01
2.510124523339085471e-03
8.613021757812521217e-01
2.550133288175989148e-03
8.583665859375045892e-01
2.623502154399975656e-03
8.557190000000028940e-01
2.589802106283427795e-03
8.534009296875011419e-01
2.332173797452383093e-03
8.510742460937448239e-01
2.890870845624600102e-03
8.484729726562435514e-01
2.939320349574083262e-03
8.461637929687506610e-01
2.421603498010010871e-03
8.440576093749949660e-01
2.957163534483967567e-03
8.419959960937476451e-01
2.611718426841057143e-03
8.393478593750004491e-01
2.731240573184081158e-03
8.369715546875077239e-01
3.031548391795620481e-03
8.346644960937560365e-01
2.992000289099130354e-03
8.323858320312498282e-01
2.537817069767229691e-03
8.303235195312439476e-01
2.999455064132737579e-03
8.286643632812376037e-01
3.425397912897772297e-03
8.258742656249952185e-01
2.850677807583694608e-03
8.236345742187570762e-01
2.929302934653915409e-03
8.214670742187464292e-01
2.769626463783445968e-03
8.191808789062449137e-01
2.989497829804007006e-03
8.169594062500021847e-01
2.655636516747959808e-03
8.145226015625096627e-01
3.175067325879772553e-03
8.125395976562489464e-01
2.885736790739581743e-03
8.103839960937427866e-01
3.254507560434766970e-03
8.084822695312545715e-01
2.933160455786227097e-03
8.057662070312526792e-01
2.809843281347805099e-03
8.032489140625010959e-01
2.923533418462774276e-03
8.009345507812494214e-01
2.833075050033820406e-03
7.994387304687435858e-01
3.378358925991559614e-03
7.970075156250009396e-01
2.929477914962314456e-03
7.946363242187580722e-01
3.402613328422516691e-03
7.922192343749976384e-01
2.905393388081171837e-03
7.898164492187458308e-01
3.042858364792418776e-03
7.879967226562534233e-01
3.052900642463270836e-03
7.849883750000015148e-01
3.086349367847796010e-03
7.831111718750000117e-01
3.099652002306832726e-03
7.799920898437574523e-01
3.468095156056825914e-03
7.777212343750011803e-01
2.984341468194172398e-03
7.753473867187493651e-01
3.201994458546524210e-03
7.732573867187568784e-01
3.329689195853119572e-03
7.705377617187505468e-01
2.868240230334513381e-03
7.681916328124989146e-01
3.399648636190745390e-03
7.661050664062518667e-01
3.000015684446070974e-03
7.636324101562546041e-01
3.318874710277422684e-03
7.607669101562483105e-01
3.113340563070328675e-03
7.581772539062556771e-01
3.366114188419947091e-03
7.561863476562495912e-01
3.048569172857645837e-03
7.535806250000024464e-01
3.082401332344173253e-03
7.501768984375004612e-01
3.352411883839590944e-03
7.481209140624989207e-01
3.278903518053797889e-03
7.458275039062516321e-01
3.387470474890028841e-03
7.427791601562589996e-01
3.397119117872580280e-03
7.402380859375027322e-01
3.400536119043125194e-03
7.377431523437555372e-01
3.318286309597237322e-03
7.354339765624947622e-01
3.298201734296992739e-03
7.323436953124974336e-01
3.616648093142656433e-03
7.291489921875000668e-01
3.366151168820314017e-03
7.269102890624984381e-01
3.170870200598740855e-03
7.243705351562512718e-01
3.273703453432366944e-03
7.215842226562494410e-01
3.124691232986525225e-03
7.187032734374977361e-01
3.349760930783135700e-03
7.156997812499958922e-01
3.357608518264031290e-03
7.128227265625075582e-01
3.638246620506184123e-03
7.096126757812558639e-01
3.644801675506496256e-03
7.073875546874998088e-01
3.270360665696199921e-03
7.041018164062432527e-01
3.767759047009152946e-03
7.014337382812551036e-01
3.585532726319639197e-03
6.979641523437578599e-01
3.431420571059184878e-03
6.953787070312469343e-01
3.257989567747131190e-03
6.924105507812451377e-01
3.508937336614911025e-03
6.892186328124978445e-01
3.634974783032864261e-03
6.858560507812548890e-01
3.789272617803734599e-03
6.823721171875030134e-01
3.398812890896912419e-03
6.794108203125056589e-01
3.686271252964630658e-03
6.767982890624995029e-01
3.457442482947998240e-03
6.731407578124974922e-01
3.534655409196355014e-03
6.698306679687546783e-01
3.727496820520190702e-03
6.663124218750027250e-01
3.416139554285071728e-03
6.633864101562465532e-01
3.795545395893219244e-03
6.598819179687491765e-01
3.728774090617871084e-03
6.569124218750018729e-01
3.701640540908588285e-03
6.530930820312542684e-01
3.663918854542429823e-03
6.497538437499887909e-01
4.149404540477485449e-03
6.458275664062412824e-01
4.030425650694152012e-03
6.424188437499938065e-01
3.828484473365359551e-03
6.388451796874965449e-01
3.689646401858305298e-03
6.358400625000036888e-01
3.823501745987459288e-03
6.319614257812380398e-01
4.125832554579147646e-03
6.280718007812451376e-01
3.668549489019388467e-03
6.245653710937432157e-01
4.126474197570504862e-03
6.204610585937591072e-01
4.090401673381444808e-03
6.166581835937482436e-01
3.944646631184306647e-03
6.128551757812507050e-01
3.751050154827208476e-03
6.087658085937487362e-01
3.895513020747826821e-03
6.049266250000058243e-01
3.997604532779042326e-03
6.013295195312537977e-01
3.849376306030114284e-03
5.970121562499927093e-01
4.340713106726925424e-03
5.927771874999996360e-01
3.810390358299762126e-03
5.884745078125021012e-01
3.747477918409765265e-03
5.845540156249954267e-01
4.143827024024664303e-03
5.802143203124978665e-01
3.866769907307524620e-03
5.759260195312456698e-01
3.885573053265388866e-03
5.712944687499934560e-01
4.508118125851444044e-03
5.674346250000097402e-01
4.535827372663028996e-03
5.626005976562438171e-01
4.097793698152620533e-03
5.582814374999962581e-01
4.157972353889692087e-03
5.530640546874983077e-01
4.253005704143652047e-03
5.484266718749918335e-01
4.340863924338991993e-03
5.448339062499807373e-01
5.472778022156460018e-03
5.395850234374919285e-01
4.170501107392645193e-03
5.339648125000032719e-01
4.066058575015457990e-03
5.299458203124919331e-01
4.491690229101507302e-03
5.243691289062530902e-01
4.256665594154857880e-03
5.197623437500009658e-01
4.116307377466964408e-03
5.148652617187532421e-01
4.047343973473987305e-03
5.096537421874874907e-01
4.721880389892659305e-03
5.047671562499986830e-01
4.426779948441274780e-03
4.994958242187489406e-01
4.463217034082238993e-03
4.933442460937503271e-01
4.447857184166867026e-03
4.888561796874948961e-01
4.320996143631404204e-03
4.828560546875003134e-01
4.195587597001956305e-03
4.777773515624931799e-01
4.912787673713190327e-03
4.720403906249991954e-01
4.426823582989260902e-03
4.662479335937474434e-01
4.614109889591329339e-03
4.605501093749980179e-01
4.253352190759721561e-03
4.549956249999986824e-01
4.461796220435560074e-03
4.481892539062468650e-01
4.504618619127598311e-03
4.430455468749999182e-01
4.296849048927071750e-03
4.366918124999970563e-01
4.741450218736379188e-03
4.323790351562510348e-01
4.316412798550712041e-03
4.246599960937482710e-01
4.409610179044727400e-03
4.182269648437489384e-01
4.186359987571468787e-03
4.119397929687495519e-01
4.670532035876770113e-03
4.053836796875014414e-01
4.345021380365723419e-03
3.995039648437497815e-01
4.060475776070956652e-03
3.924010585937492412e-01
4.181572847562857291e-03
3.856889687499975850e-01
4.848075322185822593e-03
3.794085898437505877e-01
4.107404056663968052e-03
3.723499375000001721e-01
4.181359681098106677e-03
3.650499999999973766e-01
4.680421347927783519e-03
3.587748828125014722e-01
4.560996319361546210e-03
3.508879179687476313e-01
4.719754406877235513e-03
3.432195468750016687e-01
4.989881861912842144e-03
3.363618046875012091e-01
4.705086023621942760e-03
3.292661835937508163e-01
4.261397873229751630e-03
3.211209101562493284e-01
4.154031759051365902e-03
3.132669726562476442e-01
4.673712700620486979e-03
3.063080546874983323e-01
4.269740425735450533e-03
2.980295546874968116e-01
4.869295414776356537e-03
2.901000429687533577e-01
5.225192588182736922e-03
2.822329257812483116e-01
4.475880603535630983e-03
2.735957304687477998e-01
4.430870004048906123e-03
2.647191523437475436e-01
4.763968176053746603e-03
2.584882578125027308e-01
5.204220505630496527e-03
2.485602460937501867e-01
4.178447821179378033e-03
2.484102617187490536e-01
4.002374968751160403e-03
2.399738671874974971e-01
4.231449966821570693e-03
2.309701328125006725e-01
4.472205133301827840e-03
2.219864414062491520e-01
4.160589062284044369e-03
2.128638437500022795e-01
4.821416942051260160e-03
2.022390351562496913e-01
4.097740899594243605e-03
1.922043632812494018e-01
4.253382556992745325e-03
1.843559101562512736e-01
4.500014677627107301e-03
1.736610078124986578e-01
4.140363273855061227e-03
1.623299062500007939e-01
4.926312081180874922e-03
1.517467617187504836e-01
4.450977649679489952e-03
1.411846367187502282e-01
4.219306399056420645e-03
1.288106484375012295e-01
4.248176350979244141e-03
1.161574062500003446e-01
4.653012192848541596e-03
1.033198281249994438e-01
4.733104725652575485e-03
8.793766015624980559e-02
4.467372893279926427e-03
7.436069140624992913e-02
4.260469072388876378e-03
5.539254296874984024e-02
7.616691869811923962e-03
3.255850390624935586e-02
6.245643903671564169e-03
4.867351171875001006e-03
3.835809881334798031e-03
8.776535156249999940e-04
1.007159923408714819e-03
4.219507812499999518e-04
5.746941222084598743e-04
2.746984375000000728e-04
7.660318573799640342e-04
1.424042968750000612e-04
2.406253652515364348e-04
8.867578125000000948e-05
1.754212719866244524e-04
5.822656250000001686e-05
1.329738888456906691e-04
4.750859375000003967e-05
4.009457830208988703e-04
2.282226562499999845e-05
7.610074741532852792e-05
1.309570312500000174e-05
5.622636001590738529e-05
7.277343750000001978e-06
4.101176153679071066e-05
3.550781250000000758e-06
2.809343905165445209e-05
1.375000000000000176e-06
1.672226160551033939e-05
5.761718750000000289e-07
1.091183075311019680e-05
2.011718750000000194e-07
6.265054805238856317e-06
2.343750000000000059e-08
2.139412863928734331e-06
3.906249999999999823e-09
8.734553190266447987e-07
0.000000000000000000e+00
0.000000000000000000e+00
0.000000000000000000e+00
0.000000000000000000e+00
0.000000000000000000e+00
0.000000000000000000e+00
0.000000000000000000e+00
0.000000000000000000e+00
