9.763019427487861224e-01
2.326601411409528596e-03
9.728841024782041158e-01
1.476641402652731361e-03
9.696458637085018095e-01
1.066648999791951251e-04
9.667737708738526337e-01
1.562099784550117750e-03
9.647348680419237654e-01
5.559304456503861127e-04
9.619875007932106037e-01
2.533460245051582724e-03
9.600696229246585833e-01
1.291765973122881378e-03
9.571156138302451266e-01
3.667885278436440639e-03
9.569208741458444800e-01
3.813357630712839019e-03
9.533716403197030065e-01
1.062049656997857616e-03
9.512253864135570280e-01
1.871736214441607033e-04
9.491116189576058737e-01
6.264587306654540149e-04
9.464163256224659149e-01
7.657912189197708074e-04
9.442233295898556644e-01
1.490633744638313139e-04
9.420311049195504438e-01
9.082567574517193742e-04
9.393337274169298867e-01
4.956753266582819128e-04
9.370284287720166416e-01
3.355632254720889557e-04
9.328784478145363268e-01
5.167889614311083936e-03
9.319821370849326048e-01
2.268151509608374477e-04
9.289213038328059113e-01
1.967688646343656970e-03
9.268133909300774187e-01
8.688100130671760554e-04
9.236218407590068846e-01
2.913490216701188594e-03
9.219943839722852807e-01
9.409230728068671739e-04
9.191669015502330620e-01
4.982219490538985921e-04
9.160235377805291401e-01
2.378719491978743827e-03
9.143084387818946057e-01
1.315816185627463521e-03
9.121057577517258652e-01
2.636669865406164603e-03
9.088515954590745682e-01
7.249703368958151928e-04
9.065074609376971848e-01
1.776975431612242123e-03
9.033295732422123026e-01
2.194132298733368993e-04
9.002198692625471566e-01
1.345857401254774198e-03
8.984263986208472774e-01
2.364014834369028949e-03
8.945242035520349910e-01
2.111957847254186758e-03
8.921417075804630725e-01
9.100975033713913469e-04
8.895044457397537352e-01
1.698739209510742359e-04
8.862349881590168010e-01
1.529921960630042802e-03
8.837503276976997890e-01
4.632096987666657487e-04
8.803722516477259230e-01
2.273324971823099169e-03
8.784116707155011916e-01
1.442201709918545117e-03
8.752159001464817623e-01
1.764991280764145645e-04
8.725163185425900414e-01
8.999700774326029095e-04
8.692351329955441130e-01
5.316911912222150802e-04
8.664797478027861377e-01
4.139782268276628939e-04
8.651645050663524517e-01
5.638959773845925519e-03
8.605199550170826717e-01
1.783927697414877894e-04
8.570060079954312515e-01
1.664292952838557346e-03
8.549058920900638459e-01
2.074903765487623279e-03
8.514293934937047226e-01
4.079744420810999385e-04
8.467727856441422674e-01
4.889190228761602398e-03
8.451566676025373814e-01
1.660302003949517527e-04
8.423739074097793544e-01
9.067820409380273478e-04
8.378183090206645645e-01
3.909277630793299603e-03
8.369312612918402561e-01
3.837285172798660104e-03
8.330254740602334174e-01
1.555929748252381228e-03
8.286837310788299771e-01
2.952791823010718353e-03
8.278173208622123802e-01
4.899585154456956478e-03
8.219127584835683731e-01
3.686354860420554443e-03
8.209138556522065366e-01
4.080281528212987077e-03
8.151274382930918661e-01
4.471011772274596265e-03
8.132128587646750839e-01
2.324485948341794520e-04
8.095450838011309935e-01
1.313408788250063379e-03
8.072236745608059039e-01
2.612056014546378178e-03
8.027673233640724160e-01
1.812447962120845900e-03
7.985936972042469995e-01
4.081555171939467604e-03
7.974473308108753766e-01
3.703825308575830252e-03
7.934066939088604276e-01
1.492930771393620806e-03
7.896366222534236812e-01
1.311398926504015459e-04
7.863926325074498402e-01
1.045771796425815732e-03
7.825787561034783790e-01
3.780531939356801714e-04
7.803354195560233686e-01
4.236370320738994111e-03
7.761170931398507777e-01
1.870318911786186204e-03
7.722348856201577405e-01
3.791368677016826645e-04
7.681868410643343248e-01
1.091021414202749101e-03
7.639806795651538085e-01
3.002573357129503188e-03
7.614875183717062512e-01
1.009790915829225817e-03
7.565976596676549093e-01
3.618549552141388584e-03
7.541635333252806328e-01
7.129922057301726641e-04
7.524353952031110904e-01
6.453623563081730893e-03
7.467698975830551200e-01
3.998742122175591592e-04
7.426303854369009638e-01
1.015271808240775188e-03
7.399099771121091518e-01
3.128768399394719207e-03
7.349365290525902150e-01
1.343812083287000561e-03
7.313970676879684163e-01
2.344067205844178913e-04
7.271665778196475527e-01
1.724323568193944847e-03
7.243147025148769513e-01
2.207331324399563078e-03
7.193365744626822877e-01
2.071064363290910440e-03
7.179628096928493131e-01
6.283032089481445717e-03
7.121120139160579399e-01
3.645228981866572020e-04
7.083367208253651404e-01
1.493405604667230298e-03
7.040388057861469706e-01
2.337510974523044510e-04
7.002096210328575543e-01
1.199868233803545519e-03
6.949196867672883249e-01
3.201235564073710241e-03
6.899836030879427096e-01
5.763754796630878724e-03
6.900862681889846639e-01
7.172531494570627726e-03
6.848657644046627357e-01
4.346053764292256115e-03
6.792242356566767780e-01
5.437011912056365602e-04
6.763516283572779120e-01
3.973247326218313710e-03
6.714173851320336395e-01
1.820410565643103057e-03
6.697624656988279135e-01
8.925540325739039077e-03
6.620422548216750025e-01
9.265669460766581822e-04
6.579678250122367178e-01
2.998159109821309730e-04
6.539814475099262614e-01
1.401150530504682379e-03
6.520338420415682235e-01
8.162063232694121567e-03
6.449979184571769109e-01
1.245251309796861295e-03
6.394224558712996442e-01
3.074616602016205184e-03
6.360245931397792152e-01
1.093743262934879484e-03
6.311313900756673201e-01
2.896015893081530651e-04
6.268757605592003568e-01
9.692514084398128624e-04
6.211162047116068896e-01
3.457955613165515293e-03
6.175728726197371454e-01
8.882326860807787531e-04
6.126027514648059169e-01
3.271807400641551893e-04
6.074660262449358417e-01
1.731792715748736765e-03
6.031105032958533618e-01
4.361851347691517427e-04
5.985873466187457970e-01
7.566808915783643317e-04
5.924679116207669516e-01
3.778697715660999778e-03
5.888521396485270065e-01
7.339016423941045102e-04
5.836463272094196686e-01
4.969307569322499799e-04
5.799646925662823582e-01
4.333717384174445679e-03
5.743955484011060708e-01
2.178278329630488775e-03
5.690069721680558468e-01
6.976041938929043338e-04
5.625484176022108596e-01
3.831198702657731547e-03
5.566113045649696556e-01
6.230232493093965443e-03
5.534819933471172293e-01
4.952307623726900834e-04
5.520433807989648667e-01
9.886663021516193736e-03
5.398437613519592171e-01
8.857846825373100544e-03
5.391910038455903775e-01
4.547747987474443782e-03
5.331482484133309718e-01
2.470579303185911797e-03
5.273872412110481855e-01
9.210737709530392647e-04
5.206527360226486101e-01
3.410065369324031311e-03
5.165220495606701601e-01
1.036355490821073760e-03
5.107710949706918413e-01
2.270758879137783947e-04
5.054824945680094217e-01
1.173299562241027216e-03
4.987489140625679385e-01
3.008799165402529716e-03
4.937442401733714292e-01
1.209017371025821993e-03
4.893622770386777954e-01
3.275501361844807696e-03
4.831490421142143887e-01
1.588885353969376546e-03
4.800567006227650091e-01
8.840567386865541902e-03
4.697345272217694490e-01
4.442353696467538603e-03
4.654453231811354619e-01
5.914139581139494497e-04
4.591825103759913929e-01
5.796604011933820808e-04
4.535026381225347181e-01
8.747591593848407388e-04
4.479776968993518516e-01
2.549146962694793205e-03
4.416011407470395445e-01
1.098351489782733266e-03
4.351258861694337066e-01
2.523844440672226921e-04
4.285053956909486428e-01
1.260010813618496570e-03
4.218804954834595167e-01
2.709847979343025116e-03
4.170141430663588111e-01
1.796113364915965507e-03
4.114279381102655120e-01
4.029553564837342651e-03
4.045980040892991347e-01
2.240940977660936442e-03
3.968060396118590072e-01
1.768051311638864321e-03
3.908750349731474061e-01
2.683523963996146521e-04
3.825917387696313177e-01
5.274108767314155365e-03
3.787595191649615334e-01
3.482949461859289469e-03
3.708565034179898134e-01
8.081905905316498105e-04
3.646320597533981300e-01
7.142665250248058251e-04
3.574728737182703564e-01
3.504757263944562984e-04
3.511868269042644486e-01
1.228400675458588085e-03
3.429951730347329253e-01
3.015044409088982452e-03
3.366935370483638001e-01
1.011289589340506586e-03
3.291584848022970911e-01
2.297258204062441796e-03
3.216565274658986784e-01
3.842638434878230865e-03
3.216321584473438855e-01
3.857537263047593114e-03
3.161543316650065605e-01
1.284621007240495426e-03
3.086359437866157407e-01
2.634288409695192956e-04
3.020279949950697151e-01
1.934205402501097812e-03
2.933129984741690843e-01
2.164530033948614332e-03
2.855575620117931090e-01
3.644084406020855951e-03
2.810548715819256027e-01
5.487676076119307397e-03
2.718175827636598596e-01
5.208919630458357835e-04
2.639730054321429709e-01
6.247505994977715004e-04
2.558626735229882487e-01
1.756118134387949642e-03
2.487422725219676500e-01
2.755700193149723028e-04
2.406272761841020402e-01
9.297383508356015045e-04
2.324178622436970931e-01
2.057441440044589006e-03
2.240569013672562559e-01
3.360393133250577386e-03
2.176235178832552908e-01
1.893184858203117308e-03
2.092230678100369945e-01
8.487360544679466460e-04
2.008464858398462116e-01
2.308459239043118372e-04
1.931095916747607999e-01
1.792692330089446038e-03
1.834975494385250594e-01
2.253973169000621918e-03
1.746702903443091703e-01
3.489439599789341886e-03
1.693787102049661153e-01
5.988938146348496763e-03
1.588839183349380624e-01
9.167022872531222551e-04
1.498848605346669027e-01
1.647855228939957368e-04
1.408540267944542179e-01
9.211998741697947522e-04
1.338350741576190273e-01
4.792340930100036887e-03
1.231794475097666153e-01
3.034873746941797799e-04
1.146701415405181057e-01
2.433428367541155997e-03
1.064599191283985558e-01
5.433875388685721099e-03
9.547094561767924259e-02
6.932960475505556535e-04
8.562505023193239806e-02
1.892258655784962535e-04
7.538268780517025369e-02
8.403802866444912926e-04
6.500047479247074433e-02
1.603630404326520384e-03
5.652791064455195413e-02
4.173609838146477569e-03
4.312755468748988991e-02
3.362904095271337154e-03
3.266633837890522973e-02
4.142418776805257847e-04
1.839273449707245350e-02
3.885817985093345615e-03
1.513214111328125209e-05
1.624416535137001579e-05
1.754052062988181488e-04
1.062489839739848849e-03
1.220703124999999945e-10
1.930062508534366965e-08
0.000000000000000000e+00
0.000000000000000000e+00
